0.0322580645161 0.0322580645161 0.0322580645161 0.0322580645161 0.0322580645161 0.0322580645161 0.0322580645161 0.0322580645161 0.0322580645161 0.0322580645161 0.0322580645161 0.0322580645161 0.0322580645161 0.0322580645161 0.0322580645161 0.0322580645161 0.0322580645161 0.0322580645161 0.0322580645161 0.0322580645161 0.0322580645161 0.0322580645161 0.0322580645161 0.0322580645161 0.0322580645161 0.0322580645161 0.0322580645161 0.0322580645161 0.0322580645161 0.0322580645161 0.0322580645161
0.0249242398512 0.0171700318975 0.0145852959129 0.00707725329108 0.00457457241713 0.00374034545915 0.00346226980649 0.0122315298694 0.015154616557 0.0150212347928 0.0149767742047 0.0238239059558 0.0267729498728 0.0321869404854 0.0339916040229 0.0755796862907 0.08944238038 0.0929555344163 0.0941265857618 0.138826695946 0.153726732674 0.0534577322113 0.0200347320572 0.00889373200585 0.00332323198016 0.00332323198016 0.00332323198016 0.00332323198016 0.00332323198016 0.00332323198016 0.00332323198016
0.0322580645161 0.0322580645161 0.0322580645161 0.0322580645161 0.0322580645161 0.0322580645161 0.0322580645161 0.0322580645161 0.0322580645161 0.0322580645161 0.0322580645161 0.0322580645161 0.0322580645161 0.0322580645161 0.0322580645161 0.0322580645161 0.0322580645161 0.0322580645161 0.0322580645161 0.0322580645161 0.0322580645161 0.0322580645161 0.0322580645161 0.0322580645161 0.0322580645161 0.0322580645161 0.0322580645161 0.0322580645161 0.0322580645161 0.0322580645161 0.0322580645161
0.0482323355874 0.0321548903916 0.026795741993 0.0250093591934 0.0244138982603 0.0242154112825 0.0241492489566 0.024127194848 0.0241198434785 0.0241173930219 0.0241165762031 0.0401937491259 0.0455528067669 0.0312617141181 0.0264980165685 0.0409875625811 0.0458174112519 0.039388638211 0.037245713864 0.060647573542 0.0684481934347 0.038893509674 0.0290419484205 0.0257580946693 0.0241161677937 0.0241161677937 0.0241161677937 0.0241161677937 0.0241161677937 0.0241161677937 0.0241161677937
0.0279505111251 0.0279505111251 0.0279505111251 0.0134576535047 0.00862670096455 0.00701638345117 0.00647961094671 0.00630068677855 0.00624104538917 0.0124323896205 0.014496171031 0.0213953228623 0.0236950401394 0.0430952866485 0.0495620354849 0.0662104760508 0.0717599562394 0.125369988756 0.143239999595 0.103647688782 0.0904502518443 0.0342909004111 0.0155711166 0.00933118866299 0.00621122469448 0.00621122469448 0.00621122469448 0.00621122469448 0.00621122469448 0.00621122469448 0.00621122469448
0.0422066909006 0.0253240145403 0.0196964557536 0.0178206028247 0.017195318515 0.0169868904118 0.0169174143774 0.0168942556993 0.0168865361399 0.0168839629535 0.0168831052246 0.039393054462 0.0468963708745 0.0268872411983 0.0202175313063 0.0855250001165 0.107294156387 0.0976678654497 0.0944591018041 0.0483690436282 0.033005690903 0.0222570145411 0.0186741224205 0.017479825047 0.0168826763602 0.0168826763602 0.0168826763602 0.0168826763602 0.0168826763602 0.0168826763602 0.0168826763602
0.0381141408098 0.0254094272066 0.0211745226721 0.0197628878273 0.0192923428791 0.019135494563 0.0190832117909 0.0190657842003 0.0190599750034 0.0190580386044 0.0190573931381 0.0317618915859 0.0359967244019 0.0374083353405 0.0378788723201 0.0507404315832 0.0550276180042 0.0945708209544 0.107751888604 0.061326723408 0.0458516683426 0.0279886030508 0.0220342479535 0.0200494629211 0.0190570704049 0.0190570704049 0.0190570704049 0.0190570704049 0.0190570704049 0.0190570704049 0.0190570704049
0.0312508930868 0.0312508930868 0.0312508930868 0.0312508930868 0.0312508930868 0.0312508930868 0.0312508930868 0.0312508930868 0.0312508930868 0.0312508930868 0.0312508930868 0.0312508930868 0.0312508930868 0.0312508930868 0.0312508930868 0.0312508930868 0.0312508930868 0.0416678574491 0.0451401789031 0.0358806550256 0.0327941470664 0.03176531108 0.0314223657512 0.0313080506416 0.0312508930868 0.0312508930868 0.0312508930868 0.0312508930868 0.0312508930868 0.0312508930868 0.0312508930868
0.016933561388 0.0131705477462 0.0119162098656 0.0114980972388 0.0113587263631 0.0113122694046 0.0112967837518 0.0112916218675 0.0112899012394 0.022578368622 0.0263411910829 0.0163064243112 0.0129615020539 0.0268985825353 0.0315442760291 0.0255668132435 0.0235743256483 0.132037558728 0.168191969755 0.127561249112 0.114017675564 0.0455319191384 0.022703333663 0.0150938051712 0.0112890409253 0.0112890409253 0.0112890409253 0.0112890409253 0.0112890409253 0.0112890409253 0.0112890409253
0.031250001225 0.031250001225 0.031250001225 0.031250001225 0.031250001225 0.031250001225 0.031250001225 0.031250001225 0.031250001225 0.031250001225 0.031250001225 0.0416666683001 0.0451388906584 0.0358796310362 0.0327932111621 0.0317644045374 0.0314214689958 0.0313071571486 0.0312690531996 0.0312563518832 0.0312521181111 0.0312507068537 0.0312502364346 0.0312500796282 0.031250001225 0.031250001225 0.031250001225 0.031250001225 0.031250001225 0.031250001225 0.031250001225
0.0294141381536 0.0294141381536 0.0294141381536 0.0294141381536 0.0294141381536 0.0294141381536 0.0294141381536 0.0294141381536 0.0294141381536 0.0294141381536 0.0294141381536 0.0294141381536 0.0294141381536 0.0294141381536 0.0294141381536 0.0294141381536 0.0294141381536 0.0588282763073 0.0686329890252 0.0424870884442 0.0337717882505 0.0308666881859 0.0298983214977 0.0295755326017 0.0294141381536 0.0294141381536 0.0294141381536 0.0294141381536 0.0294141381536 0.0294141381536 0.0294141381536
0.026335436636 0.026335436636 0.026335436636 0.026335436636 0.026335436636 0.026335436636 0.026335436636 0.026335436636 0.026335436636 0.026335436636 0.026335436636 0.026335436636 0.026335436636 0.026335436636 0.026335436636 0.026335436636 0.026335436636 0.0614493521507 0.0731539906556 0.0682770579452 0.0666514137084 0.0397740956601 0.030814989644 0.027828620972 0.026335436636 0.026335436636 0.026335436636 0.026335436636 0.026335436636 0.026335436636 0.026335436636
0.0307663259595 0.0133631516794 0.00756209358601 0.00376378173915 0.0024976777902 0.00207564314055 0.001934964924 0.0031311560623 0.00352988644174 0.0111212998311 0.0136517709609 0.0132521774604 0.0131189796269 0.0310992965677 0.037092735548 0.0477921356815 0.0513586023927 0.102892321654 0.120070228075 0.178627261661 0.198146272856 0.0672918414958 0.0236736977091 0.00913431644685 0.00186462581573 0.00186462581573 0.00186462581573 0.00186462581573 0.00186462581573 0.00186462581573 0.00186462581573
0.00727386881102 0.00727386881102 0.00727386881102 0.00727386881102 0.00727386881102 0.00727386881102 0.00727386881102 0.00727386881102 0.00727386881102 0.0193969834961 0.0234380217244 0.0126619197821 0.0090698858014 0.0102971640782 0.0107062568371 0.0593350798302 0.0755446874945 0.0760986441753 0.0762832964022 0.178179010499 0.212144248531 0.0755639953844 0.0300372443355 0.0148616606525 0.00727386881102 0.00727386881102 0.00727386881102 0.00727386881102 0.00727386881102 0.00727386881102 0.00727386881102
0.0322580645161 0.0322580645161 0.0322580645161 0.0322580645161 0.0322580645161 0.0322580645161 0.0322580645161 0.0322580645161 0.0322580645161 0.0322580645161 0.0322580645161 0.0322580645161 0.0322580645161 0.0322580645161 0.0322580645161 0.0322580645161 0.0322580645161 0.0322580645161 0.0322580645161 0.0322580645161 0.0322580645161 0.0322580645161 0.0322580645161 0.0322580645161 0.0322580645161 0.0322580645161 0.0322580645161 0.0322580645161 0.0322580645161 0.0322580645161 0.0322580645161
0.0263291739024 0.0263291739024 0.0263291739024 0.0263291739024 0.0263291739024 0.0263291739024 0.0263291739024 0.0263291739024 0.0263291739024 0.0263291739024 0.0263291739024 0.0263291739024 0.0263291739024 0.0351055652032 0.0380310289702 0.0390061835591 0.0393312350888 0.0569923682003 0.0628794125708 0.0560653693935 0.0537940216677 0.0354841231575 0.0293808236541 0.0273463904863 0.0263291739024 0.0263291739024 0.0263291739024 0.0263291739024 0.0263291739024 0.0263291739024 0.0263291739024
0.0263241658598 0.0263241658598 0.0263241658598 0.0263241658598 0.0263241658598 0.0263241658598 0.0263241658598 0.0263241658598 0.0263241658598 0.0263241658598 0.0263241658598 0.0263241658598 0.0263241658598 0.0263241658598 0.0263241658598 0.0438736097663 0.0497234244018 0.0692228065201 0.0757226005596 0.051565032713 0.0435125100974 0.032053613939 0.0282339818862 0.0269607712019 0.0263241658598 0.0263241658598 0.0263241658598 0.0263241658598 0.0263241658598 0.0263241658598 0.0263241658598
0.0172752828347 0.0172752828347 0.0172752828347 0.0172752828347 0.0172752828347 0.0172752828347 0.0172752828347 0.0172752828347 0.0172752828347 0.0172752828347 0.0172752828347 0.0230337104462 0.0249531863167 0.0313514392185 0.0334841901857 0.0457119623979 0.0497878864686 0.0684218106602 0.074633118724 0.111254120415 0.123461120978 0.0526705622158 0.029073709295 0.0212080916548 0.0172752828347 0.0172752828347 0.0172752828347 0.0172752828347 0.0172752828347 0.0172752828347 0.0172752828347
0.022749613656 0.022749613656 0.022749613656 0.022749613656 0.022749613656 0.022749613656 0.022749613656 0.022749613656 0.022749613656 0.022749613656 0.022749613656 0.03791602276 0.0429714924613 0.0446566490284 0.0452183678841 0.0454056075027 0.0454680207089 0.0454888251109 0.0454957599116 0.0682476851678 0.0758316602532 0.0404436291884 0.0286476188334 0.0247156153818 0.022749613656 0.022749613656 0.022749613656 0.022749613656 0.022749613656 0.022749613656 0.022749613656
0.0126836839318 0.0126836839318 0.0126836839318 0.0126836839318 0.0126836839318 0.0126836839318 0.0126836839318 0.0126836839318 0.0126836839318 0.0126836839318 0.0126836839318 0.0338231571515 0.0408696482247 0.0347626892946 0.0327270363179 0.0320484853256 0.0318223016615 0.103621116054 0.127554054184 0.122848016296 0.121279337 0.0488822349546 0.0247498676061 0.0167057451566 0.0126836839318 0.0126836839318 0.0126836839318 0.0126836839318 0.0126836839318 0.0126836839318 0.0126836839318
0.0204300395287 0.0204300395287 0.0204300395287 0.0204300395287 0.0204300395287 0.0204300395287 0.0204300395287 0.0204300395287 0.0204300395287 0.0204300395287 0.0204300395287 0.0408600790575 0.0476700922337 0.0499400966258 0.0506967647565 0.0509489874667 0.0510330617035 0.051061086449 0.0510704280309 0.0715035814202 0.07831463255 0.0397249038692 0.0268616609755 0.0225739133443 0.0204300395287 0.0204300395287 0.0204300395287 0.0204300395287 0.0204300395287 0.0204300395287 0.0204300395287
0.0256531231673 0.0342041642231 0.0370545112417 0.0294535858588 0.0269199440645 0.0260753967997 0.0257938810448 0.0342510835156 0.0370701510059 0.0380098401693 0.0383230698904 0.0298764387417 0.0270608950254 0.0261223804534 0.0258095422627 0.0342563039215 0.0370718911412 0.0465614612702 0.0497246513132 0.0507790479942 0.0511305135545 0.0341455866297 0.0284839443215 0.0265967302187 0.0256531231673 0.0256531231673 0.0256531231673 0.0256531231673 0.0256531231673 0.0256531231673 0.0256531231673
0.0188075816927 0.0156729847439 0.0146281190943 0.0111452335957 0.00998427176278 0.00959728448515 0.00946828872594 0.0125598870883 0.0135904198758 0.0139339308049 0.014048434448 0.0234903931753 0.0266377127511 0.0339560131739 0.0363954466482 0.0685545606274 0.0792742652872 0.123597260508 0.138371592248 0.102546609161 0.0906049481316 0.0364708432748 0.0184261416558 0.0124112411162 0.00940379084634 0.00940379084634 0.00940379084634 0.00940379084634 0.00940379084634 0.00940379084634 0.00940379084634
0.0250177952841 0.0250177952841 0.0250177952841 0.0250177952841 0.0250177952841 0.0250177952841 0.0250177952841 0.0250177952841 0.0250177952841 0.0250177952841 0.0250177952841 0.0333570603788 0.0361368154104 0.0287241353262 0.0262532419648 0.033768875939 0.0362740872638 0.0621269529895 0.070744574898 0.0652778504395 0.0634556089534 0.0378303998405 0.0292886634696 0.0264414180126 0.0250177952841 0.0250177952841 0.0250177952841 0.0250177952841 0.0250177952841 0.0250177952841 0.0250177952841
0.0277912086361 0.0277912086361 0.0277912086361 0.0277912086361 0.0277912086361 0.0277912086361 0.0277912086361 0.0277912086361 0.0277912086361 0.0277912086361 0.0277912086361 0.0277912086361 0.0277912086361 0.0463186810601 0.0524945052014 0.0360256408245 0.0305360193655 0.0379698817579 0.0404478358887 0.050537556811 0.0539007971184 0.0364944047968 0.030692274023 0.0287582304317 0.0277912086361 0.0277912086361 0.0277912086361 0.0277912086361 0.0277912086361 0.0277912086361 0.0277912086361
0.0243968344501 0.0406613907502 0.0460829095169 0.031625526139 0.0268063983464 0.0252000224155 0.0246645637719 0.0407506338574 0.0461126572193 0.0397677201899 0.0376527411801 0.0288154700268 0.0258697129757 0.0248877939586 0.0245604876196 0.0325836636566 0.035258055669 0.0524140759732 0.0581327494079 0.0437744175861 0.0389883069788 0.0292606586263 0.0260181091755 0.0249372593586 0.0243968344501 0.0243968344501 0.0243968344501 0.0243968344501 0.0243968344501 0.0243968344501 0.0243968344501
0.0303038712347 0.0303038712347 0.0303038712347 0.0303038712347 0.0303038712347 0.0303038712347 0.0303038712347 0.0303038712347 0.0303038712347 0.0303038712347 0.0303038712347 0.0404051616463 0.0437722584501 0.0347933336399 0.0318003587031 0.0308027003908 0.0304701476201 0.0404605871081 0.0437907336041 0.0347994920245 0.031802411498 0.0308033846558 0.0304703757084 0.0303593727259 0.0303038712347 0.0303038712347 0.0303038712347 0.0303038712347 0.0303038712347 0.0303038712347 0.0303038712347
0.0269166263145 0.0328980988289 0.0348919230003 0.0235935860288 0.0198274737049 0.0185721029303 0.0181536460055 0.0239956328782 0.0259429618357 0.0385550165169 0.042759034744 0.062104791696 0.0685533773467 0.0348140708109 0.023567635299 0.043744713519 0.050470406259 0.0646752488677 0.0694101964039 0.047062622192 0.039613430788 0.025167421958 0.0203520856813 0.0187469735891 0.017944417543 0.017944417543 0.017944417543 0.017944417543 0.017944417543 0.017944417543 0.017944417543
0.0312508930868 0.0312508930868 0.0312508930868 0.0312508930868 0.0312508930868 0.0312508930868 0.0312508930868 0.0312508930868 0.0312508930868 0.0312508930868 0.0312508930868 0.0312508930868 0.0312508930868 0.0312508930868 0.0312508930868 0.0312508930868 0.0312508930868 0.0416678574491 0.0451401789031 0.0358806550256 0.0327941470664 0.03176531108 0.0314223657512 0.0313080506416 0.0312508930868 0.0312508930868 0.0312508930868 0.0312508930868 0.0312508930868 0.0312508930868 0.0312508930868
0.0322580645161 0.0322580645161 0.0322580645161 0.0322580645161 0.0322580645161 0.0322580645161 0.0322580645161 0.0322580645161 0.0322580645161 0.0322580645161 0.0322580645161 0.0322580645161 0.0322580645161 0.0322580645161 0.0322580645161 0.0322580645161 0.0322580645161 0.0322580645161 0.0322580645161 0.0322580645161 0.0322580645161 0.0322580645161 0.0322580645161 0.0322580645161 0.0322580645161 0.0322580645161 0.0322580645161 0.0322580645161 0.0322580645161 0.0322580645161 0.0322580645161
0.0217612280885 0.0193433138564 0.0185373424457 0.0110149426127 0.00850747600167 0.007671653798 0.00739304639677 0.00730017726303 0.00726922088512 0.00725890209248 0.00725546249493 0.0314334582829 0.0394927902123 0.0397613199567 0.0398508298715 0.0858210369188 0.101144439268 0.1401030393 0.15308923931 0.0848805456855 0.0621443144772 0.0255505999565 0.0133526951163 0.0092867268362 0.00725374269616 0.00725374269616 0.00725374269616 0.00725374269616 0.00725374269616 0.00725374269616 0.00725374269616
0.0121798354853 0.0101498629044 0.00947320537742 0.00721768028756 0.00646583859094 0.00621522469206 0.00613168672577 0.00813381331788 0.00880118884859 0.0191735102632 0.0226309507347 0.0400232115389 0.045820631807 0.0355732697444 0.0321574823902 0.0614684753186 0.0712388062948 0.12727487039 0.145953558421 0.113610308728 0.102829225497 0.0383363536609 0.0168387297154 0.00967285506688 0.00608991774263 0.00608991774263 0.00608991774263 0.00608991774263 0.00608991774263 0.00608991774263 0.00608991774263
0.0303947892056 0.017283311509 0.0129128189435 0.00668817801691 0.00461329770803 0.00392167093841 0.00369112868187 0.00480623378089 0.00517793548056 0.0112615986364 0.0132894863551 0.0258849741066 0.0300834700238 0.0362507787343 0.0383065483045 0.0509113300065 0.0551129239072 0.139950131458 0.168229200642 0.131169408839 0.118816144905 0.0419892866708 0.016380333926 0.0078440163444 0.0035758575536 0.0035758575536 0.0035758575536 0.0035758575536 0.0035758575536 0.0035758575536 0.0035758575536
0.0312508930868 0.0312508930868 0.0312508930868 0.0312508930868 0.0312508930868 0.0312508930868 0.0312508930868 0.0312508930868 0.0312508930868 0.0312508930868 0.0312508930868 0.0312508930868 0.0312508930868 0.0312508930868 0.0312508930868 0.0312508930868 0.0312508930868 0.0416678574491 0.0451401789031 0.0358806550256 0.0327941470664 0.03176531108 0.0314223657512 0.0313080506416 0.0312508930868 0.0312508930868 0.0312508930868 0.0312508930868 0.0312508930868 0.0312508930868 0.0312508930868
0.0322580645161 0.0322580645161 0.0322580645161 0.0322580645161 0.0322580645161 0.0322580645161 0.0322580645161 0.0322580645161 0.0322580645161 0.0322580645161 0.0322580645161 0.0322580645161 0.0322580645161 0.0322580645161 0.0322580645161 0.0322580645161 0.0322580645161 0.0322580645161 0.0322580645161 0.0322580645161 0.0322580645161 0.0322580645161 0.0322580645161 0.0322580645161 0.0322580645161 0.0322580645161 0.0322580645161 0.0322580645161 0.0322580645161 0.0322580645161 0.0322580645161
0.0285730138758 0.0285730138758 0.0285730138758 0.0285730138758 0.0285730138758 0.0285730138758 0.0285730138758 0.0285730138758 0.0285730138758 0.0285730138758 0.0285730138758 0.0285730138758 0.0285730138758 0.0380973518344 0.0412721311539 0.0423303909271 0.0426831441848 0.0523250665626 0.0555390406886 0.03756168948 0.0315692390772 0.0295717556096 0.028905927787 0.0286839851795 0.0285730138758 0.0285730138758 0.0285730138758 0.0285730138758 0.0285730138758 0.0285730138758 0.0285730138758
0.0192424755921 0.0384849511843 0.044899109715 0.0277946869664 0.0220932127169 0.0201927213004 0.0195592241616 0.0193480584486 0.0192776698776 0.0192542070206 0.0192463860683 0.0192437790842 0.0192429100895 0.0384850960167 0.0448991579925 0.0598654957125 0.0648542749525 0.0793455184272 0.0841759329188 0.0601294369598 0.0521139383068 0.0301996298304 0.0228948603382 0.0204599371742 0.0192424755921 0.0192424755921 0.0192424755921 0.0192424755921 0.0192424755921 0.0192424755921 0.0192424755921
0.0388525088137 0.0323770906781 0.0302186179662 0.0230237089266 0.0206254059134 0.0198259715757 0.0195594934631 0.0259460855612 0.0280749495939 0.0287845709381 0.0290211113862 0.0420507944735 0.0463940221692 0.0284155103276 0.0224226730471 0.0463267331627 0.0542947532013 0.0763770142876 0.0837377679831 0.0538142618701 0.0438397598325 0.0275640895487 0.0221388661208 0.0203304583115 0.0194262544068 0.0194262544068 0.0194262544068 0.0194262544068 0.0194262544068 0.0194262544068 0.0194262544068
0.030311430195 0.030311430195 0.030311430195 0.030311430195 0.030311430195 0.030311430195 0.030311430195 0.030311430195 0.030311430195 0.030311430195 0.030311430195 0.030311430195 0.030311430195 0.030311430195 0.030311430195 0.030311430195 0.030311430195 0.04041524026 0.0437831769483 0.0449058225111 0.0452800376987 0.0353009660296 0.0319746088065 0.0308658230655 0.030311430195 0.030311430195 0.030311430195 0.030311430195 0.030311430195 0.030311430195 0.030311430195
0.0279403705504 0.021731399317 0.0196617422392 0.0189718565465 0.018741894649 0.0186652406832 0.0186396893612 0.0186311722539 0.0186283332181 0.0434632718065 0.0517415846693 0.0296651373566 0.0223063215857 0.0322713254622 0.0355929934211 0.036700216074 0.0370692902917 0.068237171198 0.0786264648334 0.0820895627119 0.0832439286714 0.0401659186906 0.0258065820304 0.021020136477 0.0186269137002 0.0186269137002 0.0186269137002 0.0186269137002 0.0186269137002 0.0186269137002 0.0186269137002
0.0139117142168 0.018548952289 0.0200946983131 0.0159727089156 0.0145987124497 0.0141407136278 0.0139880473538 0.018574396668 0.0201031797728 0.0391617264301 0.0455145753158 0.0383577154666 0.0359720955168 0.0444513650114 0.0472777881763 0.0296709769422 0.0238020398642 0.0728553462997 0.0892064484449 0.0992940538988 0.10265658905 0.0434933391612 0.0237722558649 0.0171985614328 0.0139117142168 0.0139117142168 0.0139117142168 0.0139117142168 0.0139117142168 0.0139117142168 0.0139117142168
0.0322580645161 0.0322580645161 0.0322580645161 0.0322580645161 0.0322580645161 0.0322580645161 0.0322580645161 0.0322580645161 0.0322580645161 0.0322580645161 0.0322580645161 0.0322580645161 0.0322580645161 0.0322580645161 0.0322580645161 0.0322580645161 0.0322580645161 0.0322580645161 0.0322580645161 0.0322580645161 0.0322580645161 0.0322580645161 0.0322580645161 0.0322580645161 0.0322580645161 0.0322580645161 0.0322580645161 0.0322580645161 0.0322580645161 0.0322580645161 0.0322580645161
0.0470633271354 0.0313755514236 0.026146292853 0.0244032066628 0.0238221779328 0.0236285016894 0.0235639429416 0.023542423359 0.0235352501648 0.0235328591001 0.0235320620785 0.0392195721165 0.0444487421291 0.0305040230882 0.0258557834079 0.0556819216047 0.0656239676703 0.0689379830256 0.0700426548106 0.0390353273154 0.0286995514836 0.025254292873 0.0241058733362 0.0237230668239 0.0235316635677 0.0235316635677 0.0235316635677 0.0235316635677 0.0235316635677 0.0235316635677 0.0235316635677
0.030304709909 0.030304709909 0.030304709909 0.030304709909 0.030304709909 0.030304709909 0.030304709909 0.030304709909 0.030304709909 0.030304709909 0.030304709909 0.030304709909 0.030304709909 0.030304709909 0.030304709909 0.030304709909 0.030304709909 0.0505078498483 0.057242229828 0.0392838832153 0.0332977676777 0.0313023958319 0.0306372718833 0.0304155639004 0.030304709909 0.030304709909 0.030304709909 0.030304709909 0.030304709909 0.030304709909 0.030304709909
0.0154008825313 0.0154008825313 0.0154008825313 0.0154008825313 0.0154008825313 0.0154008825313 0.0154008825313 0.0154008825313 0.0154008825313 0.0154008825313 0.0154008825313 0.0667371576358 0.0838492493373 0.0638851423523 0.0572304400239 0.0293440683622 0.0200486111416 0.0785536555268 0.0980553369886 0.0788877599236 0.0724985675686 0.0344334442104 0.0217450697577 0.0175156116068 0.0154008825313 0.0154008825313 0.0154008825313 0.0154008825313 0.0154008825313 0.0154008825313 0.0154008825313
0.0126731332189 0.00985688139251 0.0089181307837 0.00860521391409 0.00850090829089 0.00846613974983 0.00845455023614 0.00845068706491 0.00844939934116 0.0281627328849 0.0347338440662 0.0172104516749 0.0113693208778 0.00942227727881 0.0087732627458 0.053616953791 0.0685648508061 0.0819962386237 0.0864733678963 0.161188291808 0.186093266445 0.0676635924678 0.0281870344755 0.0150281818113 0.00844875547929 0.00844875547929 0.00844875547929 0.00844875547929 0.00844875547929 0.00844875547929 0.00844875547929
0.0322580645161 0.0322580645161 0.0322580645161 0.0322580645161 0.0322580645161 0.0322580645161 0.0322580645161 0.0322580645161 0.0322580645161 0.0322580645161 0.0322580645161 0.0322580645161 0.0322580645161 0.0322580645161 0.0322580645161 0.0322580645161 0.0322580645161 0.0322580645161 0.0322580645161 0.0322580645161 0.0322580645161 0.0322580645161 0.0322580645161 0.0322580645161 0.0322580645161 0.0322580645161 0.0322580645161 0.0322580645161 0.0322580645161 0.0322580645161 0.0322580645161
0.0207631337143 0.0207631337143 0.0207631337143 0.0138420891428 0.0115350742857 0.0107660693333 0.0105097343492 0.0138848116402 0.0150098374039 0.0188453682775 0.0201238785687 0.0482342269514 0.057604343079 0.0365040591216 0.0294706311357 0.0409682442833 0.0448007819992 0.0910650842854 0.106486518381 0.108166474127 0.108726459376 0.0431631976966 0.021308777137 0.0140239702837 0.0103815668571 0.0103815668571 0.0103815668571 0.0103815668571 0.0103815668571 0.0103815668571 0.0103815668571
0.0166916899393 0.0166916899393 0.0166916899393 0.0166916899393 0.0166916899393 0.0166916899393 0.0166916899393 0.0166916899393 0.0166916899393 0.0500750698178 0.0612028631107 0.0315287476631 0.0216373758472 0.0294680452014 0.0320782683195 0.0385122393386 0.040656896345 0.0691912652459 0.0787027215462 0.0930010002725 0.0977670931813 0.0437168243533 0.0257000680773 0.0196944826519 0.0166916899393 0.0166916899393 0.0166916899393 0.0166916899393 0.0166916899393 0.0166916899393 0.0166916899393
0.0294127316198 0.0294127316198 0.0294127316198 0.0294127316198 0.0294127316198 0.0294127316198 0.0294127316198 0.0294127316198 0.0294127316198 0.0294127316198 0.0294127316198 0.0294127316198 0.0294127316198 0.0294127316198 0.0294127316198 0.0490212193664 0.0555573819486 0.047931858936 0.0453900179319 0.0347384937238 0.0311879856545 0.0300044829647 0.0296099820681 0.0294784817693 0.0294127316198 0.0294127316198 0.0294127316198 0.0294127316198 0.0294127316198 0.0294127316198 0.0294127316198
0.0322580645161 0.0322580645161 0.0322580645161 0.0322580645161 0.0322580645161 0.0322580645161 0.0322580645161 0.0322580645161 0.0322580645161 0.0322580645161 0.0322580645161 0.0322580645161 0.0322580645161 0.0322580645161 0.0322580645161 0.0322580645161 0.0322580645161 0.0322580645161 0.0322580645161 0.0322580645161 0.0322580645161 0.0322580645161 0.0322580645161 0.0322580645161 0.0322580645161 0.0322580645161 0.0322580645161 0.0322580645161 0.0322580645161 0.0322580645161 0.0322580645161
0.0322580645161 0.0322580645161 0.0322580645161 0.0322580645161 0.0322580645161 0.0322580645161 0.0322580645161 0.0322580645161 0.0322580645161 0.0322580645161 0.0322580645161 0.0322580645161 0.0322580645161 0.0322580645161 0.0322580645161 0.0322580645161 0.0322580645161 0.0322580645161 0.0322580645161 0.0322580645161 0.0322580645161 0.0322580645161 0.0322580645161 0.0322580645161 0.0322580645161 0.0322580645161 0.0322580645161 0.0322580645161 0.0322580645161 0.0322580645161 0.0322580645161
0.0295711895313 0.0229998140799 0.0208093555961 0.0200792027682 0.0198358184922 0.0197546904002 0.0197276477029 0.0197186334704 0.0197156287263 0.0197146271449 0.0197142932844 0.026285557449 0.0284759788372 0.0554916211056 0.064496835195 0.0477844468706 0.0422136507625 0.0863563468863 0.101070578928 0.0599756947815 0.0462774000661 0.0285685509248 0.0226656012111 0.0206979513065 0.0197141263542 0.0197141263542 0.0197141263542 0.0197141263542 0.0197141263542 0.0197141263542 0.0197141263542
0.0622151153669 0.0290337205045 0.0179732555504 0.0115213176605 0.00937067169724 0.00865378970947 0.00841482904688 0.00833517549268 0.00830862430795 0.0165951226286 0.0193572887355 0.0230431270097 0.0242717397677 0.046802207262 0.0543123630934 0.0512855158935 0.0502765668268 0.102477459003 0.119877756395 0.103556925618 0.0981166486922 0.0382357820411 0.0182754931574 0.0116220635295 0.00829534871559 0.00829534871559 0.00829534871559 0.00829534871559 0.00829534871559 0.00829534871559 0.00829534871559
