0.029412557983 0.029412557983 0.029412557983 0.029412557983 0.029412557983 0.029412557983 0.029412557983 0.029412557983 0.029412557983 0.029412557983 0.029412557983 0.0490209299717 0.0555570539679 0.038127389978 0.0323175019813 0.0303808726491 0.0297353295384 0.0393243344958 0.0425206694816 0.0337819284826 0.0308690148162 0.0298980435941 0.02957438652 0.0294665008287 0.029412557983 0.029412557983 0.029412557983 0.029412557983 0.029412557983 0.029412557983 0.029412557983
0.0260126067463 0.0382538334504 0.0423342423518 0.0559356053564 0.0604693930246 0.0415786110738 0.0352816837568 0.0250218901817 0.0216019589901 0.0510650486865 0.0608860785853 0.0478381196127 0.0434887999552 0.0379586178347 0.0361152237945 0.054882701396 0.0611385272631 0.0632238025522 0.0639188943152 0.0417083426119 0.0343048253775 0.0175555551446 0.0119724650669 0.00603102613966 0.00306030667603 0.00306030667603 0.00306030667603 0.00306030667603 0.00306030667603 0.00306030667603 0.00306030667603
0.0493849738248 0.0329233158832 0.0274360965693 0.0420686814063 0.0469462096853 0.048572052445 0.0491140000315 0.0328329912855 0.0274059883701 0.0255969873983 0.0249939870744 0.0247929869664 0.0247259869304 0.0411653115267 0.0466450863921 0.0320100200723 0.0271316646324 0.041967204094 0.0469123839146 0.0320991192465 0.0271613643571 0.0255154460606 0.0249668066285 0.0247839268178 0.0246924869124 0.0246924869124 0.0246924869124 0.0246924869124 0.0246924869124 0.0246924869124 0.0246924869124
0.0303030303034 0.0303030303034 0.0303030303034 0.0505050505056 0.0572390572397 0.0392817059488 0.0332959221852 0.0313006609307 0.0306355738458 0.0304138781509 0.0303399795859 0.0303153467309 0.0303071357792 0.0303043987953 0.0303034864674 0.030303182358 0.0303030809883 0.0303030471983 0.030303035935 0.0303030321806 0.0303030309291 0.030303030512 0.0303030303729 0.0303030303266 0.0303030303034 0.0303030303034 0.0303030303034 0.0303030303034 0.0303030303034 0.0303030303034 0.0303030303034
0.0232562054251 0.0232562054251 0.0232562054251 0.0465124108501 0.0542644793252 0.0335922967251 0.0267015691917 0.024404660014 0.0236390236214 0.0233838114905 0.0232987407802 0.0310224523518 0.0335970228757 0.0344552130503 0.0347412764418 0.0813490417558 0.0968849635272 0.0477991247924 0.0314371785475 0.0259831964659 0.0241652024387 0.0235592044296 0.0233572050932 0.0232898719811 0.0232562054251 0.0232562054251 0.0232562054251 0.0232562054251 0.0232562054251 0.0232562054251 0.0232562054251
0.0234099344952 0.0351149017429 0.0390165574921 0.0559237324053 0.0615594573764 0.0322247863731 0.0224465627053 0.0191871548161 0.0181006855196 0.0333451520843 0.0384266409392 0.0284155033099 0.0250784574335 0.0278677645572 0.0287975335984 0.0642223583551 0.0760306332739 0.0643601019167 0.0604699247977 0.0552715433421 0.0535387495236 0.0256495613396 0.0163531652783 0.0132543665912 0.0117049672476 0.0117049672476 0.0117049672476 0.0117049672476 0.0117049672476 0.0117049672476 0.0117049672476
0.0336262598179 0.0224175065453 0.0186812554544 0.0230402150604 0.0244932015958 0.0361862837135 0.0400839777528 0.0357788324629 0.0343437840329 0.0338654345562 0.0337059847307 0.0392572114252 0.0411076203233 0.0305156700167 0.0269850199145 0.0594343963651 0.0702508551819 0.0682519648179 0.0675856680298 0.0449460625552 0.037399527397 0.023675262405 0.0191005074076 0.0175755890752 0.016813129909 0.016813129909 0.016813129909 0.016813129909 0.016813129909 0.016813129909 0.016813129909
0.0322580645161 0.0322580645161 0.0322580645161 0.0322580645161 0.0322580645161 0.0322580645161 0.0322580645161 0.0322580645161 0.0322580645161 0.0322580645161 0.0322580645161 0.0322580645161 0.0322580645161 0.0322580645161 0.0322580645161 0.0322580645161 0.0322580645161 0.0322580645161 0.0322580645161 0.0322580645161 0.0322580645161 0.0322580645161 0.0322580645161 0.0322580645161 0.0322580645161 0.0322580645161 0.0322580645161 0.0322580645161 0.0322580645161 0.0322580645161 0.0322580645161
0.0552632911928 0.0405264135414 0.0356141209909 0.0339766901408 0.0334308798574 0.0332489430963 0.0331882975092 0.0257996434878 0.023336758814 0.0225157972561 0.0222421434035 0.0295193642783 0.0319451045699 0.0401221234928 0.0428477964671 0.0363879152995 0.034234621577 0.0556221734799 0.0627513574476 0.0430224356263 0.0364461283526 0.0268855871023 0.0236987400188 0.0226364576577 0.0221053164771 0.0221053164771 0.0221053164771 0.0221053164771 0.0221053164771 0.0221053164771 0.0221053164771
0.0312508930868 0.0312508930868 0.0312508930868 0.0312508930868 0.0312508930868 0.0312508930868 0.0312508930868 0.0312508930868 0.0312508930868 0.0312508930868 0.0312508930868 0.0312508930868 0.0312508930868 0.0312508930868 0.0312508930868 0.0312508930868 0.0312508930868 0.0416678574491 0.0451401789031 0.0358806550256 0.0327941470664 0.03176531108 0.0314223657512 0.0313080506416 0.0312508930868 0.0312508930868 0.0312508930868 0.0312508930868 0.0312508930868 0.0312508930868 0.0312508930868
0.0303031247615 0.0303031247615 0.0303031247615 0.0303031247615 0.0303031247615 0.0303031247615 0.0303031247615 0.0303031247615 0.0303031247615 0.0303031247615 0.0303031247615 0.0404041663487 0.0437711802111 0.034792476578 0.031799575367 0.0409029832172 0.0439374525006 0.0348479006745 0.0318180500659 0.030808099863 0.0304714497953 0.0303592331061 0.0303218275431 0.030309359022 0.0303031247615 0.0303031247615 0.0303031247615 0.0303031247615 0.0303031247615 0.0303031247615 0.0303031247615
0.0312500992293 0.0312500992293 0.0312500992293 0.0312500992293 0.0312500992293 0.0312500992293 0.0312500992293 0.0312500992293 0.0312500992293 0.0312500992293 0.0312500992293 0.0312500992293 0.0312500992293 0.0312500992293 0.0312500992293 0.0416667989725 0.0451390322202 0.0358797435596 0.0327933140061 0.0317645041549 0.0314215675379 0.0313072553322 0.0312691512636 0.0312564499074 0.0312500992293 0.0312500992293 0.0312500992293 0.0312500992293 0.0312500992293 0.0312500992293 0.0312500992293
0.0436038985917 0.0275119836352 0.0221480119831 0.0483910990985 0.0571387948036 0.0372145560144 0.0305731430847 0.0288784328056 0.0283135293793 0.0447362372245 0.0502104731729 0.0525543125198 0.0533355923022 0.0354277278164 0.0294584396545 0.0544615665382 0.0627959421661 0.0925669569798 0.102490628584 0.0445454234785 0.0252303551099 0.00996740046253 0.0048797489134 0.00266477103284 0.00155728209256 0.00155728209256 0.00155728209256 0.00155728209256 0.00155728209256 0.00155728209256 0.00155728209256
0.0153868797999 0.0205158397333 0.0222254930444 0.0381822572813 0.0435011786937 0.0247583127645 0.0185106907881 0.0164281501293 0.0157339699097 0.0360184162365 0.0427798983454 0.0809364452482 0.0936552942158 0.0414763512719 0.0240833702906 0.0388015496968 0.0437076094988 0.076116722366 0.0869197599884 0.0392311731961 0.0233349775987 0.0180362457329 0.0162700017776 0.0156812537925 0.0153868797999 0.0153868797999 0.0153868797999 0.0153868797999 0.0153868797999 0.0153868797999 0.0153868797999
0.0303030303034 0.0303030303034 0.0303030303034 0.0505050505056 0.0572390572397 0.0392817059488 0.0332959221852 0.0313006609307 0.0306355738458 0.0304138781509 0.0303399795859 0.0303153467309 0.0303071357792 0.0303043987953 0.0303034864674 0.030303182358 0.0303030809883 0.0303030471983 0.030303035935 0.0303030321806 0.0303030309291 0.030303030512 0.0303030303729 0.0303030303266 0.0303030303034 0.0303030303034 0.0303030303034 0.0303030303034 0.0303030303034 0.0303030303034 0.0303030303034
0.0285714306336 0.0285714306336 0.0285714306336 0.0285714306336 0.0285714306336 0.0380952408447 0.0412698442485 0.0423280453831 0.0426807790946 0.0332745467872 0.0301391360181 0.0481416195175 0.0541424473506 0.0370951028726 0.0314126547132 0.0295185053268 0.028887122198 0.028676661155 0.028606507474 0.0285831229137 0.0285753280603 0.0285727297758 0.028571863681 0.0285715749827 0.0285714306336 0.0285714306336 0.0285714306336 0.0285714306336 0.0285714306336 0.0285714306336 0.0285714306336
0.0303032169167 0.0303032169167 0.0303032169167 0.0303032169167 0.0303032169167 0.0303032169167 0.0303032169167 0.0303032169167 0.0303032169167 0.0303032169167 0.0303032169167 0.0303032169167 0.0303032169167 0.0303032169167 0.0303032169167 0.0505053615279 0.0572394097316 0.039281947855 0.0332961272295 0.0313008536876 0.030635762507 0.0304140654468 0.0303401664268 0.0303155334201 0.0303032169167 0.0303032169167 0.0303032169167 0.0303032169167 0.0303032169167 0.0303032169167 0.0303032169167
0.0322580645161 0.0322580645161 0.0322580645161 0.0322580645161 0.0322580645161 0.0322580645161 0.0322580645161 0.0322580645161 0.0322580645161 0.0322580645161 0.0322580645161 0.0322580645161 0.0322580645161 0.0322580645161 0.0322580645161 0.0322580645161 0.0322580645161 0.0322580645161 0.0322580645161 0.0322580645161 0.0322580645161 0.0322580645161 0.0322580645161 0.0322580645161 0.0322580645161 0.0322580645161 0.0322580645161 0.0322580645161 0.0322580645161 0.0322580645161 0.0322580645161
0.0508520121657 0.0339013414438 0.0282511178698 0.0546188278816 0.0634080645522 0.0437369158133 0.0371798662336 0.0236937358925 0.0191983591121 0.0403007944811 0.0473349396041 0.0270787603493 0.0203267005977 0.0180760140138 0.0173257851525 0.0566272738832 0.0697277701267 0.06279415506 0.0604829500377 0.0314614304938 0.0217875906459 0.0185629773632 0.017488106269 0.0171298159043 0.0169506707219 0.0169506707219 0.0169506707219 0.0169506707219 0.0169506707219 0.0169506707219 0.0169506707219
0.0684996957149 0.031966524667 0.0197888009843 0.0248628525187 0.0265542030302 0.0179846937721 0.015128190686 0.0141760229907 0.0138586337589 0.0228861301103 0.0258952955607 0.0497315826159 0.0576770116342 0.0511921952117 0.0490305897375 0.0894098720084 0.102869632765 0.0708230486364 0.0601408539268 0.0291802440709 0.0188600407856 0.0154199730239 0.0142732837699 0.0138910540186 0.013699939143 0.013699939143 0.013699939143 0.013699939143 0.013699939143 0.013699939143 0.013699939143
0.0380998099805 0.0380998099805 0.0380998099805 0.0253998733204 0.0211665611003 0.0388053620172 0.0446849623228 0.0339448924312 0.030364869134 0.0228215597048 0.0203071232285 0.0194689777363 0.0191895959056 0.0190964686287 0.0190654262031 0.0698548253686 0.0867846250904 0.0797279550042 0.0773757316421 0.0384918472075 0.025530552396 0.0212101207922 0.0197699769242 0.0192899289683 0.0190499049903 0.0190499049903 0.0190499049903 0.0190499049903 0.0190499049903 0.0190499049903 0.0190499049903
0.054068308705 0.032440985223 0.0252318773957 0.0372470571079 0.041252117012 0.0353780291527 0.0334199998662 0.0327673234374 0.0325497646278 0.0324772450246 0.0324530718236 0.0252359062625 0.0228301844089 0.0220282771243 0.0217609746961 0.0432991973687 0.0504786049263 0.0600808486061 0.0632815964994 0.0427211889818 0.0358677198093 0.0263741222578 0.0232095897406 0.0221547455682 0.021627323482 0.021627323482 0.021627323482 0.021627323482 0.021627323482 0.021627323482 0.021627323482
0.0211429159475 0.0281905545967 0.0305397674797 0.040719689973 0.0441129974707 0.0264503969055 0.0205628633838 0.0303464166252 0.0336076010389 0.0605360042238 0.0695121386188 0.0537104803527 0.0484432609306 0.034941456708 0.0304408553004 0.0477343578957 0.0534988587608 0.0648172105814 0.0685899945216 0.0534030989869 0.0483408004754 0.0208120259246 0.011635767741 0.0085770150131 0.00704763864917 0.00704763864917 0.00704763864917 0.00704763864917 0.00704763864917 0.00704763864917 0.00704763864917
0.0270278445281 0.0270278445281 0.0270278445281 0.0270278445281 0.0270278445281 0.0270278445281 0.0270278445281 0.0360371260375 0.0390402198739 0.0400412511527 0.0403749282457 0.0404861539433 0.0405232291759 0.0315263060774 0.0285273317112 0.0455462366079 0.0512192049068 0.0441009128303 0.0417281488049 0.0319279459537 0.02866121167 0.0275723002421 0.0272093297661 0.0270883396074 0.0270278445281 0.0270278445281 0.0270278445281 0.0270278445281 0.0270278445281 0.0270278445281 0.0270278445281
0.0322580645161 0.0322580645161 0.0322580645161 0.0322580645161 0.0322580645161 0.0322580645161 0.0322580645161 0.0322580645161 0.0322580645161 0.0322580645161 0.0322580645161 0.0322580645161 0.0322580645161 0.0322580645161 0.0322580645161 0.0322580645161 0.0322580645161 0.0322580645161 0.0322580645161 0.0322580645161 0.0322580645161 0.0322580645161 0.0322580645161 0.0322580645161 0.0322580645161 0.0322580645161 0.0322580645161 0.0322580645161 0.0322580645161 0.0322580645161 0.0322580645161
0.0312508930868 0.0312508930868 0.0312508930868 0.0312508930868 0.0312508930868 0.0312508930868 0.0312508930868 0.0312508930868 0.0312508930868 0.0312508930868 0.0312508930868 0.0312508930868 0.0312508930868 0.0312508930868 0.0312508930868 0.0312508930868 0.0312508930868 0.0416678574491 0.0451401789031 0.0358806550256 0.0327941470664 0.03176531108 0.0314223657512 0.0313080506416 0.0312508930868 0.0312508930868 0.0312508930868 0.0312508930868 0.0312508930868 0.0312508930868 0.0312508930868
0.0217474419521 0.0289965892695 0.0314129717087 0.0467167271565 0.0518179789724 0.0317709542922 0.0250886127322 0.0301103128629 0.0317842129064 0.0540896215398 0.0615247577509 0.0422556945358 0.0358326734641 0.0264425191228 0.0233124676757 0.0367674118281 0.0412523932122 0.0354982396896 0.0335801885153 0.0401899854413 0.0423932510833 0.0286293783292 0.0240414207445 0.0225121015496 0.0217474419521 0.0217474419521 0.0217474419521 0.0217474419521 0.0217474419521 0.0217474419521 0.0217474419521
0.0640313510292 0.0426875673528 0.035572972794 0.0385373871935 0.0395255253267 0.0291830128662 0.0257355087127 0.0299222865806 0.0313178792033 0.0264471308251 0.0248235480323 0.0402901915254 0.0454457393564 0.0311564175428 0.0263933102716 0.0408134456051 0.045620157383 0.0578942864805 0.0619856628463 0.0473416172109 0.0424602686658 0.0248253147268 0.0189469967471 0.0169875574206 0.0160078377573 0.0160078377573 0.0160078377573 0.0160078377573 0.0160078377573 0.0160078377573 0.0160078377573
0.0322580645161 0.0322580645161 0.0322580645161 0.0322580645161 0.0322580645161 0.0322580645161 0.0322580645161 0.0322580645161 0.0322580645161 0.0322580645161 0.0322580645161 0.0322580645161 0.0322580645161 0.0322580645161 0.0322580645161 0.0322580645161 0.0322580645161 0.0322580645161 0.0322580645161 0.0322580645161 0.0322580645161 0.0322580645161 0.0322580645161 0.0322580645161 0.0322580645161 0.0322580645161 0.0322580645161 0.0322580645161 0.0322580645161 0.0322580645161 0.0322580645161
0.0312500000017 0.0312500000017 0.0312500000017 0.0312500000017 0.0312500000017 0.0416666666689 0.0451388888913 0.0358796296316 0.0327932098783 0.0317644032939 0.0314214677658 0.031307155923 0.0312690519755 0.0312563506596 0.0312521168877 0.0312507056303 0.0312502352112 0.0312500784049 0.0312500261361 0.0312500087131 0.0312500029055 0.0312500009696 0.0312500003243 0.0312500001092 0.0312500000017 0.0312500000017 0.0312500000017 0.0312500000017 0.0312500000017 0.0312500000017 0.0312500000017
0.0266001913234 0.0266001913234 0.0266001913234 0.0342002459872 0.0367335975418 0.0325113449508 0.0311039274204 0.0357014913529 0.0372340126637 0.0377448531006 0.0379151332463 0.0506386510678 0.054879823675 0.0360267354406 0.0297423726958 0.060581155324 0.0708607495335 0.0894873902643 0.0956962705078 0.0369654599452 0.0173885230909 0.0159295805821 0.0154432664124 0.01021445858 0.00760005466382 0.00760005466382 0.00760005466382 0.00760005466382 0.00760005466382 0.00760005466382 0.00760005466382
0.0234697617902 0.0136906943776 0.0104310052401 0.0328142039845 0.0402752702326 0.0427622923153 0.0435912996762 0.0399560084982 0.0387442447721 0.0500752044252 0.0538521909763 0.0551111864933 0.0555308516656 0.0282893513011 0.0192088511796 0.0670331683513 0.0829746074085 0.0824209799801 0.0822364375039 0.0411028402123 0.0273916411151 0.0130421740034 0.0082590182995 0.00666463306487 0.00586744044756 0.00586744044756 0.00586744044756 0.00586744044756 0.00586744044756 0.00586744044756 0.00586744044756
0.0696457496651 0.0372850983056 0.026498214519 0.0426003743743 0.0479677609927 0.0539778443906 0.0559812055233 0.0313232654166 0.0231039520477 0.0400619687088 0.0457146409291 0.0433779104774 0.0425990003269 0.0296765000345 0.0253689999371 0.0506658785639 0.0590981714396 0.0675368750983 0.0703497763179 0.0403337435399 0.0303283992806 0.0171443906355 0.0127497210871 0.00706387671247 0.00422095452516 0.00422095452516 0.00422095452516 0.00422095452516 0.00422095452516 0.00422095452516 0.00422095452516
0.0322580645161 0.0322580645161 0.0322580645161 0.0322580645161 0.0322580645161 0.0322580645161 0.0322580645161 0.0322580645161 0.0322580645161 0.0322580645161 0.0322580645161 0.0322580645161 0.0322580645161 0.0322580645161 0.0322580645161 0.0322580645161 0.0322580645161 0.0322580645161 0.0322580645161 0.0322580645161 0.0322580645161 0.0322580645161 0.0322580645161 0.0322580645161 0.0322580645161 0.0322580645161 0.0322580645161 0.0322580645161 0.0322580645161 0.0322580645161 0.0322580645161
0.0312500000002 0.0312500000002 0.0312500000002 0.0416666666669 0.0451388888892 0.0358796296298 0.0327932098767 0.0317644032924 0.0314214677642 0.0313071559215 0.031269051974 0.0312563506581 0.0312521168862 0.0312507056288 0.0312502352097 0.0312500784034 0.0312500261346 0.0312500087117 0.031250002904 0.0312500009681 0.0312500003228 0.0312500001077 0.031250000036 0.0312500000121 0.0312500000002 0.0312500000002 0.0312500000002 0.0312500000002 0.0312500000002 0.0312500000002 0.0312500000002
0.0322580645161 0.0322580645161 0.0322580645161 0.0322580645161 0.0322580645161 0.0322580645161 0.0322580645161 0.0322580645161 0.0322580645161 0.0322580645161 0.0322580645161 0.0322580645161 0.0322580645161 0.0322580645161 0.0322580645161 0.0322580645161 0.0322580645161 0.0322580645161 0.0322580645161 0.0322580645161 0.0322580645161 0.0322580645161 0.0322580645161 0.0322580645161 0.0322580645161 0.0322580645161 0.0322580645161 0.0322580645161 0.0322580645161 0.0322580645161 0.0322580645161
0.0519783335769 0.0450478891 0.042737740941 0.0281068026008 0.0232298231541 0.0354650522924 0.0395434620051 0.0270420429555 0.0228749032723 0.0214858567113 0.0210228411909 0.0208685026841 0.0208170565152 0.0277303522692 0.0300347841871 0.0446638171136 0.0495401614225 0.0650264984792 0.0701886108315 0.0372570925643 0.0262799198086 0.0364817511772 0.0398823616334 0.0271550094983 0.0207913334308 0.0207913334308 0.0207913334308 0.0207913334308 0.0207913334308 0.0207913334308 0.0207913334308
0.0322580645161 0.0322580645161 0.0322580645161 0.0322580645161 0.0322580645161 0.0322580645161 0.0322580645161 0.0322580645161 0.0322580645161 0.0322580645161 0.0322580645161 0.0322580645161 0.0322580645161 0.0322580645161 0.0322580645161 0.0322580645161 0.0322580645161 0.0322580645161 0.0322580645161 0.0322580645161 0.0322580645161 0.0322580645161 0.0322580645161 0.0322580645161 0.0322580645161 0.0322580645161 0.0322580645161 0.0322580645161 0.0322580645161 0.0322580645161 0.0322580645161
0.0322580645161 0.0322580645161 0.0322580645161 0.0322580645161 0.0322580645161 0.0322580645161 0.0322580645161 0.0322580645161 0.0322580645161 0.0322580645161 0.0322580645161 0.0322580645161 0.0322580645161 0.0322580645161 0.0322580645161 0.0322580645161 0.0322580645161 0.0322580645161 0.0322580645161 0.0322580645161 0.0322580645161 0.0322580645161 0.0322580645161 0.0322580645161 0.0322580645161 0.0322580645161 0.0322580645161 0.0322580645161 0.0322580645161 0.0322580645161 0.0322580645161
0.0789477909177 0.0438598838432 0.0321639148183 0.0370372352453 0.0386616753877 0.0304311786665 0.0276876797594 0.0267731801237 0.0264683469119 0.0351387126099 0.0380288345092 0.030220231707 0.0276173641063 0.0267497415727 0.0264605340615 0.043908085095 0.0497239354396 0.0341185986838 0.0289168197652 0.027182893459 0.0266049180236 0.0264122595451 0.0263480400523 0.0263266335547 0.0263159303059 0.0263159303059 0.0263159303059 0.0263159303059 0.0263159303059 0.0263159303059 0.0263159303059
0.0231713103655 0.0283204904468 0.0300368838072 0.0306090149273 0.0307997253007 0.0308632954252 0.0308844854666 0.0411899089763 0.0446250501461 0.0560684573652 0.0598829264383 0.056005236048 0.0547126725846 0.0439834579344 0.0404070530509 0.0289165579273 0.0250863928861 0.0547047516931 0.0645775379621 0.0369733862311 0.0277720023207 0.0195556942694 0.0168169249189 0.0159040018021 0.0154475402437 0.0154475402437 0.0154475402437 0.0154475402437 0.0154475402437 0.0154475402437 0.0154475402437
0.0322580645161 0.0322580645161 0.0322580645161 0.0322580645161 0.0322580645161 0.0322580645161 0.0322580645161 0.0322580645161 0.0322580645161 0.0322580645161 0.0322580645161 0.0322580645161 0.0322580645161 0.0322580645161 0.0322580645161 0.0322580645161 0.0322580645161 0.0322580645161 0.0322580645161 0.0322580645161 0.0322580645161 0.0322580645161 0.0322580645161 0.0322580645161 0.0322580645161 0.0322580645161 0.0322580645161 0.0322580645161 0.0322580645161 0.0322580645161 0.0322580645161
0.0368193652672 0.0286372840967 0.0259099237066 0.0250008035765 0.0246977635332 0.0245967501854 0.0245630790694 0.0245518553641 0.024548114129 0.0245468670507 0.0245464513579 0.0327283939641 0.0354557081662 0.0281827317297 0.0257584062509 0.0658607036104 0.0792281360636 0.0591377033698 0.0524408924719 0.0420265410021 0.0385550905122 0.0292158591784 0.0261027820671 0.0250650896967 0.0245462435115 0.0245462435115 0.0245462435115 0.0245462435115 0.0245462435115 0.0245462435115 0.0245462435115
0.0285721761442 0.0285721761442 0.0285721761442 0.0285721761442 0.0285721761442 0.0476202935736 0.0539696660501 0.0370380061128 0.031394119467 0.0295128239185 0.0288857254023 0.0382007512782 0.0413057599036 0.032816704064 0.0299870187841 0.0290437903575 0.0287293808819 0.0381486364381 0.0412883882902 0.0328109135262 0.0299850886048 0.0290431469644 0.0287291664176 0.0286245062353 0.0285721761442 0.0285721761442 0.0285721761442 0.0285721761442 0.0285721761442 0.0285721761442 0.0285721761442
0.0200000117718 0.033333352953 0.0377778000134 0.0459259529574 0.0486420039388 0.0428806836753 0.0409602435875 0.0336534263009 0.0312178205388 0.0504059637232 0.0568020114513 0.0656006979513 0.0685335934513 0.0495112135128 0.0431704202 0.0277234812479 0.0225745015971 0.0208581750469 0.0202860661968 0.0200953632468 0.0200317955968 0.0200106063801 0.0200035433079 0.0200011889505 0.0200000117718 0.0200000117718 0.0200000117718 0.0200000117718 0.0200000117718 0.0200000117718 0.0200000117718
0.0234165594555 0.0195137995463 0.0182128795765 0.0255847594051 0.0280420526813 0.0171528707123 0.0135231433893 0.0123132342816 0.0119099312457 0.0312892964467 0.037749084847 0.0945409863767 0.11347162022 0.0456293932251 0.0230153175602 0.0427966117034 0.0493903764177 0.0906158970818 0.104357737303 0.0425914322529 0.0220026639028 0.0190425010287 0.0180557800707 0.0138241131754 0.0117082797278 0.0117082797278 0.0117082797278 0.0117082797278 0.0117082797278 0.0117082797278 0.0117082797278
0.031250001225 0.031250001225 0.031250001225 0.031250001225 0.031250001225 0.031250001225 0.031250001225 0.031250001225 0.031250001225 0.031250001225 0.031250001225 0.0416666683001 0.0451388906584 0.0358796310362 0.0327932111621 0.0317644045374 0.0314214689958 0.0313071571486 0.0312690531996 0.0312563518832 0.0312521181111 0.0312507068537 0.0312502364346 0.0312500796282 0.031250001225 0.031250001225 0.031250001225 0.031250001225 0.031250001225 0.031250001225 0.031250001225
0.0169514024096 0.0169514024096 0.0169514024096 0.039553272289 0.0470872289154 0.0269966779115 0.0202998275769 0.0350189465416 0.0399253195298 0.0415607771925 0.0421059297468 0.0535885822046 0.0574161330238 0.0304396459476 0.0214474835889 0.0467024334853 0.0551207501174 0.074878258071 0.0814640940555 0.0384556329582 0.0241194792591 0.0193407613594 0.0177478553928 0.0172168867373 0.0169514024096 0.0169514024096 0.0169514024096 0.0169514024096 0.0169514024096 0.0169514024096 0.0169514024096
0.0519509329653 0.0346339553102 0.0288616294252 0.0269375207968 0.0262961512541 0.0260823614065 0.0260110981239 0.0259873436964 0.0259794255539 0.0259767861731 0.0259759063795 0.0346341019425 0.0375201671302 0.0298237000318 0.0272582109991 0.0523785144708 0.0607519489614 0.054884604964 0.0529288236316 0.0349599188656 0.0289702839437 0.0269737389697 0.0263082239783 0.0260863856479 0.0259754664827 0.0259754664827 0.0259754664827 0.0259754664827 0.0259754664827 0.0259754664827 0.0259754664827
0.0285715955038 0.0285715955038 0.0285715955038 0.0285715955038 0.0285715955038 0.0285715955038 0.0285715955038 0.0380954606718 0.0412700823944 0.0328044244674 0.0299825384917 0.038565775001 0.0414268538375 0.0328566816151 0.0299999575409 0.0480954465187 0.054127276178 0.0370901557286 0.0314111155787 0.0295181021955 0.0288870977344 0.028676762914 0.0286066513072 0.0285832807716 0.0285715955038 0.0285715955038 0.0285715955038 0.0285715955038 0.0285715955038 0.0285715955038 0.0285715955038
0.0322580645161 0.0322580645161 0.0322580645161 0.0322580645161 0.0322580645161 0.0322580645161 0.0322580645161 0.0322580645161 0.0322580645161 0.0322580645161 0.0322580645161 0.0322580645161 0.0322580645161 0.0322580645161 0.0322580645161 0.0322580645161 0.0322580645161 0.0322580645161 0.0322580645161 0.0322580645161 0.0322580645161 0.0322580645161 0.0322580645161 0.0322580645161 0.0322580645161 0.0322580645161 0.0322580645161 0.0322580645161 0.0322580645161 0.0322580645161 0.0322580645161
0.0359440650994 0.0279564950773 0.0252939717366 0.0403816040005 0.0454108147552 0.0470872183401 0.047646019535 0.0318571465558 0.0265941888961 0.0248398696762 0.0242550966029 0.0240601722451 0.0239951974592 0.0239735391972 0.0239663197766 0.0399390533472 0.0452632978707 0.0470380460452 0.0476296287701 0.0478268230117 0.0478925544256 0.0319393248527 0.0266215816617 0.0248490005981 0.0239627100662 0.0239627100662 0.0239627100662 0.0239627100662 0.0239627100662 0.0239627100662 0.0239627100662
0.0312500992293 0.0312500992293 0.0312500992293 0.0312500992293 0.0312500992293 0.0312500992293 0.0312500992293 0.0312500992293 0.0312500992293 0.0312500992293 0.0312500992293 0.0312500992293 0.0312500992293 0.0312500992293 0.0312500992293 0.0416667989725 0.0451390322202 0.0358797435596 0.0327933140061 0.0317645041549 0.0314215675379 0.0313072553322 0.0312691512636 0.0312564499074 0.0312500992293 0.0312500992293 0.0312500992293 0.0312500992293 0.0312500992293 0.0312500992293 0.0312500992293
0.0503387182452 0.038010868879 0.033901585757 0.0455445546028 0.0494255442181 0.0438704022198 0.0420186882203 0.0318131229357 0.0284112678408 0.0423446875901 0.0469891608398 0.0368943497439 0.0335294127119 0.0303531254736 0.0292943630608 0.059761065672 0.0699166332091 0.0774111055101 0.0799092629438 0.0485525976323 0.0381003758617 0.016124527889 0.00879924523137 0.00430284278448 0.00205464156103 0.00205464156103 0.00205464156103 0.00205464156103 0.00205464156103 0.00205464156103 0.00205464156103
